234
237
242
271
276
281
298
310
329
330
337
344
351
355
363
365
374
377
383
399
400
404
408
411
413
415
420
423
426
430
431
436
443
446
447
449
452
456
464
466
474
481
482
488
493
506
508
519
530
541
542
567
568
569
588
591
604
612
627
631
648
654
657
658
680
706
707
708
709
712
727
745
757
758
761
768
769
780
805
809
817
820
827
828
846
857
859
864
879
889
906
908
936
947
966
990
994
996
1001
1003
1004
1009
1022
1025
1027
1029
1045
1058
1070
1074
1085
1095
1111
1113
1118
1119
1125
1140
1141
1142
1143
1151
1156
1157
1161
1164
1167
1170
1171
1174
1177
1178
1179
1181
1187
1189
1195
1200
1209
1215
1222
1223
1227
1228
1229
1231
1235
1248
1253
1256
1257
1263
1273
1276
1280
1284
1288
1292
1295
1299
1302
1321
1324
1325
1326
1330
1332
1344
1348
1352
1358
1359
1365
1370
1380
1390
1392
1397
1400
1403
1409
1412
1420
1424
1429
1452
1458
1467
1468
1493
1495
1501
1509
1546
1557
1571
1576
1577
1586
1587
1612
1614
1619
1620
1631
1633
1634
1635
1643
1647
1649
1657
1666
1672
1676
1677
1692
1695
1696
1697
1733
1739
1759
1760
1766
1769
1774
1781
1785
1791
1795
1802
1804
1811
1822
1827
1831
1840
1852
1863
1867
1878
1879
1880
1891
1911
1918
1937
1960
1967
1981
1989
2001
2030
2032
2041
2047
2049
2121
2135
2177
2186
2207
2234
2238
2249
2258
2260
2270
2276
2279
2283
2316
2321
2329
2359
2364
2426
2431
2432
2518
2521
2524
2525
2543
2546
2550
2567
2574
2575
2626
2628
2636
2655
2664
2665
2722
2729
2737
2746
2756
2760
2783
2788
2789
2791
2819
2821
2826
2829
2846
2847
2850
2857
2862
2866
2869
2891
2892
2894
2899
2903
2908
2911
2916
2921
2943
2947
2958
2959
2972
2979
2985
2986
2995
3002
3004
3007
3013
3024
3029
3030
3033
3034
3038
3040
3044
3051
3054
3066
3070
3071
3072
3073
3082
3090
3095
3096
3098
3099
3102
3106
3115
3118
3120
3123
3124
3129
3136
3140
3144
3148
3151
3159
3160
3166
3173
3174
3175
3177
3179
3180
3182
3187
3190
3191
3194
3197
3198
3210
3214
3217
3218
3221
3223
3224
3228
3229
3231
3239
3243
3246
3250
3251
3253
3254
3255
3258
3260
3269
3272
3273
3274
3278
3280
3284
3291
3293
3294
3298
3300
3301
3302
3305
3307
3308
3309
3311
3312
3315
3329
3332
3333
3341
3343
3347
3350
3351
3354
3358
3362
3365
3368
3370
3372
3375
3383
3399
3404
3408
3415
3419
3423
3427
3432
3434
3441
3442
3443
3446
3451
3452
3455
3457
3462
3465
3468
3473
3477
3478
3482
3493
3496
3498
3499
3500
3503
3504
3505
3510
3511
3514
3515
3518
3521
3526
3532
3536
3539
3541
3542
3548
3549
3554
3555
3563
3567
3577
3582
3584
3586
3592
3597
3601
3603
3622
3809
3810
3812
3825
3826
3834
3835
3837
3841
3846
3848
3850
3854
3855
3862
3863
3877
3889
3893
3896
3897
3907
3908
3909
3912
3913
3915
3924
3927
3937
3955
3958
3959
3962
3969
3970
3972
3976
3977
3979
3983
3984
3991
3993
4003
4008
4011
4015
4016
4018
4020
4021
4031
4035
4040
4047
4055
4058
4059
4069
4071
4077
4094
4098
4102
4103
4111
4119
4121
4128
4130
4141
4146
4157
4160
4164
4167
4170
4181
4194
4196
4207
4211
4212
4221
4225
4228
4229
4230
4235
4245
4247
4249
4259
4264
4270
4281
4285
4292
4293
4294
4302
4305
4307
4309
4314
4321
4326
4333
4341
4345
4361
4364
4369
4378
4379
4382
4385
4393
4397
4412
4418
4419
4422
4427
4430
4433
4451
4453
4459
4462
4469
4477
4516
4517
4524
4527
4543
4548
4553
4562
4573
4587
4588
4589
4596
4599
4605
4615
4619
4625
4632
4638
4643
4650
4661
4663
4664
4675
4682
4685
4697
4700
4703
4706
4711
